120.54 121.05 121.56 122.06 122.56 123.06 123.55 124.03 124.52 124.99 125.46 125.92 126.38 126.83 127.27 127.70 128.11 128.52 128.92 129.31 129.68 130.04 130.39 130.72 131.03 131.34 131.62 131.89 132.14 132.37 132.59 132.78 132.96 133.11 133.25 133.37 133.46 133.53 133.59 133.62 133.63 133.62 133.59 133.53 133.46 133.37 133.25 133.11 132.96 132.78 132.59 132.37 132.14 131.89 131.62 131.34 131.03 130.72 130.39 130.04 129.68 129.31 128.92 128.52 128.11 127.70 127.27 126.83 126.38 125.92 125.46 124.99 124.52 124.03 123.55 123.06 122.56 122.06 121.56 121.05 120.54 120.03 119.52 119.01 118.50 117.98 117.47 116.95 116.44 115.93 115.41 114.90 114.39 113.88 113.38 112.87 112.37 111.87 111.37 110.88 
121.26 121.78 122.31 122.82 123.34 123.85 124.36 124.86 125.36 125.85 126.34 126.82 127.29 127.75 128.21 128.66 129.09 129.52 129.93 130.33 130.72 131.09 131.45 131.80 132.13 132.44 132.74 133.02 133.28 133.52 133.75 133.95 134.14 134.30 134.44 134.56 134.66 134.74 134.80 134.83 134.84 134.83 134.80 134.74 134.66 134.56 134.44 134.30 134.14 133.95 133.75 133.52 133.28 133.02 132.74 132.44 132.13 131.80 131.45 131.09 130.72 130.33 129.93 129.52 129.09 128.66 128.21 127.75 127.29 126.82 126.34 125.85 125.36 124.86 124.36 123.85 123.34 122.82 122.31 121.78 121.26 120.74 120.21 119.68 119.15 118.63 118.10 117.57 117.04 116.51 115.99 115.46 114.94 114.42 113.90 113.39 112.87 112.36 111.85 111.35 
121.99 122.53 123.06 123.60 124.13 124.66 125.18 125.70 126.22 126.73 127.23 127.73 128.22 128.70 129.17 129.63 130.09 130.53 130.96 131.37 131.78 132.17 132.55 132.91 133.25 133.58 133.89 134.18 134.45 134.71 134.94 135.15 135.35 135.52 135.67 135.79 135.90 135.98 136.04 136.07 136.08 136.07 136.04 135.98 135.90 135.79 135.67 135.52 135.35 135.15 134.94 134.71 134.45 134.18 133.89 133.58 133.25 132.91 132.55 132.17 131.78 131.37 130.96 130.53 130.09 129.63 129.17 128.70 128.22 127.73 127.23 126.73 126.22 125.70 125.18 124.66 124.13 123.60 123.06 122.53 121.99 121.45 120.90 120.36 119.82 119.27 118.73 118.19 117.65 117.11 116.57 116.03 115.50 114.96 114.43 113.90 113.38 112.85 112.33 111.82 
122.72 123.28 123.83 124.38 124.93 125.48 126.02 126.56 127.09 127.62 128.14 128.66 129.16 129.66 130.15 130.63 131.10 131.56 132.01 132.44 132.86 133.27 133.66 134.04 134.40 134.74 135.06 135.37 135.65 135.92 136.16 136.39 136.59 136.77 136.92 137.06 137.17 137.25 137.31 137.35 137.36 137.35 137.31 137.25 137.17 137.06 136.92 136.77 136.59 136.39 136.16 135.92 135.65 135.37 135.06 134.74 134.40 134.04 133.66 133.27 132.86 132.44 132.01 131.56 131.10 130.63 130.15 129.66 129.16 128.66 128.14 127.62 127.09 126.56 126.02 125.48 124.93 124.38 123.83 123.28 122.72 122.16 121.60 121.05 120.49 119.93 119.37 118.81 118.26 117.70 117.15 116.60 116.05 115.51 114.96 114.42 113.88 113.35 112.82 112.29 
123.46 124.03 124.61 125.18 125.74 126.31 126.87 127.42 127.98 128.52 129.06 129.60 130.12 130.64 131.15 131.65 132.14 132.62 133.08 133.53 133.97 134.40 134.81 135.20 135.57 135.93 136.27 136.59 136.89 137.17 137.42 137.66 137.87 138.05 138.22 138.36 138.47 138.56 138.62 138.66 138.68 138.66 138.62 138.56 138.47 138.36 138.22 138.05 137.87 137.66 137.42 137.17 136.89 136.59 136.27 135.93 135.57 135.20 134.81 134.40 133.97 133.53 133.08 132.62 132.14 131.65 131.15 130.64 130.12 129.60 129.06 128.52 127.98 127.42 126.87 126.31 125.74 125.18 124.61 124.03 123.46 122.89 122.31 121.74 121.16 120.59 120.02 119.44 118.87 118.30 117.74 117.17 116.61 116.05 115.50 114.94 114.39 113.85 113.30 112.76 
124.21 124.80 125.39 125.98 126.57 127.15 127.73 128.30 128.88 129.44 130.00 130.56 131.10 131.64 132.17 132.69 133.20 133.69 134.18 134.65 135.11 135.55 135.98 136.39 136.78 137.15 137.51 137.84 138.15 138.45 138.71 138.96 139.18 139.38 139.55 139.69 139.81 139.91 139.97 140.01 140.03 140.01 139.97 139.91 139.81 139.69 139.55 139.38 139.18 138.96 138.71 138.45 138.15 137.84 137.51 137.15 136.78 136.39 135.98 135.55 135.11 134.65 134.18 133.69 133.20 132.69 132.17 131.64 131.10 130.56 130.00 129.44 128.88 128.30 127.73 127.15 126.57 125.98 125.39 124.80 124.21 123.62 123.03 122.44 121.85 121.25 120.67 120.08 119.49 118.91 118.33 117.75 117.17 116.60 116.03 115.46 114.90 114.34 113.79 113.24 
124.97 125.58 126.19 126.79 127.40 128.00 128.60 129.20 129.79 130.38 130.96 131.53 132.10 132.66 133.21 133.75 134.28 134.80 135.30 135.79 136.27 136.73 137.18 137.61 138.02 138.41 138.78 139.13 139.46 139.76 140.04 140.30 140.53 140.74 140.92 141.07 141.20 141.29 141.36 141.41 141.42 141.41 141.36 141.29 141.20 141.07 140.92 140.74 140.53 140.30 140.04 139.76 139.46 139.13 138.78 138.41 138.02 137.61 137.18 136.73 136.27 135.79 135.30 134.80 134.28 133.75 133.21 132.66 132.10 131.53 130.96 130.38 129.79 129.20 128.60 128.00 127.40 126.79 126.19 125.58 124.97 124.36 123.75 123.14 122.53 121.93 121.32 120.72 120.12 119.52 118.92 118.33 117.74 117.15 116.57 115.99 115.41 114.84 114.28 113.71 
125.74 126.36 126.99 127.62 128.24 128.87 129.49 130.10 130.72 131.33 131.93 132.52 133.11 133.69 134.27 134.83 135.38 135.92 136.45 136.96 137.46 137.94 138.41 138.86 139.28 139.69 140.08 140.45 140.79 141.11 141.41 141.68 141.92 142.14 142.33 142.49 142.62 142.72 142.80 142.84 142.86 142.84 142.80 142.72 142.62 142.49 142.33 142.14 141.92 141.68 141.41 141.11 140.79 140.45 140.08 139.69 139.28 138.86 138.41 137.94 137.46 136.96 136.45 135.92 135.38 134.83 134.27 133.69 133.11 132.52 131.93 131.33 130.72 130.10 129.49 128.87 128.24 127.62 126.99 126.36 125.74 125.11 124.48 123.85 123.23 122.60 121.98 121.36 120.74 120.13 119.52 118.91 118.30 117.70 117.11 116.51 115.93 115.34 114.76 114.19 
126.51 127.16 127.81 128.45 129.10 129.74 130.39 131.02 131.66 132.29 132.92 133.53 134.15 134.75 135.35 135.93 136.51 137.07 137.62 138.15 138.68 139.18 139.67 140.14 140.59 141.01 141.42 141.81 142.17 142.50 142.81 143.10 143.35 143.58 143.78 143.95 144.09 144.20 144.27 144.32 144.34 144.32 144.27 144.20 144.09 143.95 143.78 143.58 143.35 143.10 142.81 142.50 142.17 141.81 141.42 141.01 140.59 140.14 139.67 139.18 138.68 138.15 137.62 137.07 136.51 135.93 135.35 134.75 134.15 133.53 132.92 132.29 131.66 131.02 130.39 129.74 129.10 128.45 127.81 127.16 126.51 125.86 125.21 124.57 123.92 123.28 122.64 122.01 121.37 120.74 120.12 119.49 118.87 118.26 117.65 117.04 116.44 115.84 115.25 114.66 
127.29 127.96 128.63 129.30 129.97 130.63 131.30 131.96 132.62 133.27 133.92 134.56 135.20 135.83 136.45 137.06 137.66 138.24 138.82 139.38 139.92 140.45 140.96 141.45 141.92 142.37 142.80 143.20 143.58 143.93 144.26 144.56 144.83 145.07 145.28 145.46 145.60 145.72 145.80 145.85 145.86 145.85 145.80 145.72 145.60 145.46 145.28 145.07 144.83 144.56 144.26 143.93 143.58 143.20 142.80 142.37 141.92 141.45 140.96 140.45 139.92 139.38 138.82 138.24 137.66 137.06 136.45 135.83 135.20 134.56 133.92 133.27 132.62 131.96 131.30 130.63 129.97 129.30 128.63 127.96 127.29 126.62 125.96 125.29 124.63 123.97 123.31 122.66 122.01 121.36 120.72 120.08 119.44 118.81 118.19 117.57 116.95 116.34 115.74 115.14 
128.08 128.77 129.46 130.15 130.84 131.53 132.22 132.91 133.59 134.27 134.94 135.61 136.27 136.92 137.57 138.20 138.83 139.44 140.04 140.63 141.20 141.75 142.28 142.80 143.29 143.76 144.21 144.64 145.04 145.41 145.75 146.06 146.35 146.60 146.82 147.01 147.16 147.29 147.37 147.42 147.44 147.42 147.37 147.29 147.16 147.01 146.82 146.60 146.35 146.06 145.75 145.41 145.04 144.64 144.21 143.76 143.29 142.80 142.28 141.75 141.20 140.63 140.04 139.44 138.83 138.20 137.57 136.92 136.27 135.61 134.94 134.27 133.59 132.91 132.22 131.53 130.84 130.15 129.46 128.77 128.08 127.39 126.70 126.02 125.34 124.66 123.98 123.31 122.64 121.98 121.32 120.67 120.02 119.37 118.73 118.10 117.47 116.84 116.23 115.61 
128.88 129.59 130.30 131.02 131.73 132.44 133.16 133.87 134.57 135.28 135.98 136.67 137.36 138.04 138.71 139.38 140.03 140.67 141.29 141.91 142.50 143.08 143.64 144.18 144.70 145.20 145.67 146.11 146.53 146.92 147.29 147.62 147.92 148.18 148.42 148.61 148.78 148.91 149.00 149.05 149.07 149.05 149.00 148.91 148.78 148.61 148.42 148.18 147.92 147.62 147.29 146.92 146.53 146.11 145.67 145.20 144.70 144.18 143.64 143.08 142.50 141.91 141.29 140.67 140.03 139.38 138.71 138.04 137.36 136.67 135.98 135.28 134.57 133.87 133.16 132.44 131.73 131.02 130.30 129.59 128.88 128.17 127.46 126.75 126.05 125.35 124.66 123.97 123.28 122.60 121.93 121.25 120.59 119.93 119.27 118.63 117.98 117.35 116.71 116.09 
129.68 130.41 131.15 131.89 132.63 133.37 134.10 134.84 135.57 136.31 137.03 137.75 138.47 139.18 139.88 140.57 141.25 141.92 142.58 143.22 143.84 144.45 145.04 145.60 146.15 146.67 147.16 147.63 148.08 148.49 148.87 149.22 149.53 149.82 150.06 150.27 150.45 150.58 150.68 150.74 150.76 150.74 150.68 150.58 150.45 150.27 150.06 149.82 149.53 149.22 148.87 148.49 148.08 147.63 147.16 146.67 146.15 145.60 145.04 144.45 143.84 143.22 142.58 141.92 141.25 140.57 139.88 139.18 138.47 137.75 137.03 136.31 135.57 134.84 134.10 133.37 132.63 131.89 131.15 130.41 129.68 128.95 128.22 127.49 126.77 126.05 125.34 124.63 123.92 123.23 122.53 121.85 121.16 120.49 119.82 119.15 118.50 117.85 117.20 116.56 
130.49 131.25 132.01 132.77 133.53 134.30 135.06 135.83 136.59 137.35 138.10 138.86 139.60 140.34 141.07 141.79 142.50 143.20 143.89 144.56 145.21 145.85 146.47 147.06 147.63 148.18 148.71 149.20 149.67 150.10 150.50 150.87 151.21 151.50 151.77 151.99 152.17 152.31 152.42 152.48 152.50 152.48 152.42 152.31 152.17 151.99 151.77 151.50 151.21 150.87 150.50 150.10 149.67 149.20 148.71 148.18 147.63 147.06 146.47 145.85 145.21 144.56 143.89 143.20 142.50 141.79 141.07 140.34 139.60 138.86 138.10 137.35 136.59 135.83 135.06 134.30 133.53 132.77 132.01 131.25 130.49 129.73 128.98 128.24 127.49 126.75 126.02 125.29 124.57 123.85 123.14 122.44 121.74 121.05 120.36 119.68 119.01 118.35 117.69 117.04 
131.31 132.09 132.87 133.66 134.45 135.24 136.04 136.83 137.62 138.41 139.19 139.97 140.75 141.52 142.28 143.04 143.78 144.51 145.23 145.93 146.62 147.29 147.93 148.56 149.16 149.74 150.29 150.81 151.31 151.77 152.19 152.58 152.93 153.25 153.53 153.76 153.96 154.11 154.22 154.28 154.30 154.28 154.22 154.11 153.96 153.76 153.53 153.25 152.93 152.58 152.19 151.77 151.31 150.81 150.29 149.74 149.16 148.56 147.93 147.29 146.62 145.93 145.23 144.51 143.78 143.04 142.28 141.52 140.75 139.97 139.19 138.41 137.62 136.83 136.04 135.24 134.45 133.66 132.87 132.09 131.31 130.53 129.75 128.98 128.22 127.46 126.70 125.96 125.21 124.48 123.75 123.03 122.31 121.60 120.90 120.21 119.52 118.84 118.17 117.51 
132.13 132.94 133.75 134.56 135.38 136.20 137.02 137.84 138.66 139.48 140.30 141.11 141.92 142.72 143.52 144.31 145.08 145.85 146.60 147.34 148.06 148.76 149.44 150.10 150.74 151.35 151.93 152.48 153.00 153.48 153.93 154.35 154.72 155.06 155.35 155.60 155.80 155.97 156.08 156.15 156.17 156.15 156.08 155.97 155.80 155.60 155.35 155.06 154.72 154.35 153.93 153.48 153.00 152.48 151.93 151.35 150.74 150.10 149.44 148.76 148.06 147.34 146.60 145.85 145.08 144.31 143.52 142.72 141.92 141.11 140.30 139.48 138.66 137.84 137.02 136.20 135.38 134.56 133.75 132.94 132.13 131.33 130.53 129.73 128.95 128.17 127.39 126.62 125.86 125.11 124.36 123.62 122.89 122.16 121.45 120.74 120.03 119.34 118.65 117.98 
132.96 133.79 134.63 135.47 136.32 137.17 138.02 138.87 139.72 140.57 141.42 142.27 143.11 143.95 144.78 145.60 146.41 147.22 148.00 148.78 149.53 150.27 150.99 151.68 152.35 153.00 153.61 154.19 154.74 155.26 155.74 156.17 156.57 156.93 157.24 157.50 157.72 157.89 158.02 158.09 158.11 158.09 158.02 157.89 157.72 157.50 157.24 156.93 156.57 156.17 155.74 155.26 154.74 154.19 153.61 153.00 152.35 151.68 150.99 150.27 149.53 148.78 148.00 147.22 146.41 145.60 144.78 143.95 143.11 142.27 141.42 140.57 139.72 138.87 138.02 137.17 136.32 135.47 134.63 133.79 132.96 132.13 131.31 130.49 129.68 128.88 128.08 127.29 126.51 125.74 124.97 124.21 123.46 122.72 121.99 121.26 120.54 119.84 119.14 118.44 
133.79 134.65 135.52 136.39 137.26 138.14 139.02 139.91 140.79 141.68 142.56 143.44 144.32 145.20 146.06 146.92 147.77 148.61 149.44 150.25 151.05 151.83 152.58 153.31 154.02 154.70 155.35 155.97 156.55 157.09 157.60 158.06 158.49 158.86 159.19 159.48 159.71 159.89 160.02 160.10 160.13 160.10 160.02 159.89 159.71 159.48 159.19 158.86 158.49 158.06 157.60 157.09 156.55 155.97 155.35 154.70 154.02 153.31 152.58 151.83 151.05 150.25 149.44 148.61 147.77 146.92 146.06 145.20 144.32 143.44 142.56 141.68 140.79 139.91 139.02 138.14 137.26 136.39 135.52 134.65 133.79 132.94 132.09 131.25 130.41 129.59 128.77 127.96 127.16 126.36 125.58 124.80 124.03 123.28 122.53 121.78 121.05 120.33 119.61 118.91 
134.63 135.52 136.41 137.31 138.22 139.13 140.04 140.96 141.88 142.80 143.72 144.64 145.55 146.47 147.37 148.27 149.16 150.04 150.91 151.77 152.60 153.42 154.22 154.99 155.74 156.45 157.14 157.79 158.41 158.99 159.53 160.02 160.47 160.87 161.23 161.53 161.78 161.97 162.11 162.19 162.22 162.19 162.11 161.97 161.78 161.53 161.23 160.87 160.47 160.02 159.53 158.99 158.41 157.79 157.14 156.45 155.74 154.99 154.22 153.42 152.60 151.77 150.91 150.04 149.16 148.27 147.37 146.47 145.55 144.64 143.72 142.80 141.88 140.96 140.04 139.13 138.22 137.31 136.41 135.52 134.63 133.75 132.87 132.01 131.15 130.30 129.46 128.63 127.81 126.99 126.19 125.39 124.61 123.83 123.06 122.31 121.56 120.82 120.09 119.37 
135.47 136.39 137.31 138.24 139.18 140.12 141.07 142.02 142.98 143.93 144.89 145.85 146.80 147.76 148.71 149.65 150.58 151.50 152.42 153.31 154.19 155.06 155.90 156.71 157.50 158.26 158.99 159.68 160.34 160.95 161.53 162.05 162.53 162.96 163.34 163.66 163.92 164.13 164.28 164.37 164.40 164.37 164.28 164.13 163.92 163.66 163.34 162.96 162.53 162.05 161.53 160.95 160.34 159.68 158.99 158.26 157.50 156.71 155.90 155.06 154.19 153.31 152.42 151.50 150.58 149.65 148.71 147.76 146.80 145.85 144.89 143.93 142.98 142.02 141.07 140.12 139.18 138.24 137.31 136.39 135.47 134.56 133.66 132.77 131.89 131.02 130.15 129.30 128.45 127.62 126.79 125.98 125.18 124.38 123.60 122.82 122.06 121.31 120.56 119.83 
136.32 137.26 138.22 139.18 140.15 141.13 142.11 143.10 144.09 145.08 146.08 147.08 148.08 149.07 150.06 151.05 152.03 153.00 153.96 154.90 155.83 156.74 157.62 158.49 159.32 160.13 160.90 161.64 162.33 162.99 163.60 164.16 164.67 165.13 165.53 165.87 166.16 166.38 166.54 166.63 166.67 166.63 166.54 166.38 166.16 165.87 165.53 165.13 164.67 164.16 163.60 162.99 162.33 161.64 160.90 160.13 159.32 158.49 157.62 156.74 155.83 154.90 153.96 153.00 152.03 151.05 150.06 149.07 148.08 147.08 146.08 145.08 144.09 143.10 142.11 141.13 140.15 139.18 138.22 137.26 136.32 135.38 134.45 133.53 132.63 131.73 130.84 129.97 129.10 128.24 127.40 126.57 125.74 124.93 124.13 123.34 122.56 121.79 121.03 120.28 
137.17 138.14 139.13 140.12 141.13 142.14 143.16 144.18 145.21 146.25 147.29 148.33 149.37 150.41 151.44 152.48 153.50 154.52 155.53 156.52 157.50 158.46 159.40 160.31 161.20 162.05 162.87 163.66 164.40 165.10 165.75 166.35 166.89 167.38 167.81 168.18 168.48 168.72 168.89 169.00 169.03 169.00 168.89 168.72 168.48 168.18 167.81 167.38 166.89 166.35 165.75 165.10 164.40 163.66 162.87 162.05 161.20 160.31 159.40 158.46 157.50 156.52 155.53 154.52 153.50 152.48 151.44 150.41 149.37 148.33 147.29 146.25 145.21 144.18 143.16 142.14 141.13 140.12 139.13 138.14 137.17 136.20 135.24 134.30 133.37 132.44 131.53 130.63 129.74 128.87 128.00 127.15 126.31 125.48 124.66 123.85 123.06 122.27 121.50 120.74 
138.02 139.02 140.04 141.07 142.11 143.16 144.21 145.28 146.35 147.42 148.51 149.59 150.68 151.77 152.85 153.93 155.01 156.08 157.14 158.19 159.22 160.23 161.23 162.19 163.13 164.04 164.91 165.75 166.54 167.28 167.98 168.62 169.20 169.73 170.19 170.58 170.91 171.17 171.35 171.46 171.50 171.46 171.35 171.17 170.91 170.58 170.19 169.73 169.20 168.62 167.98 167.28 166.54 165.75 164.91 164.04 163.13 162.19 161.23 160.23 159.22 158.19 157.14 156.08 155.01 153.93 152.85 151.77 150.68 149.59 148.51 147.42 146.35 145.28 144.21 143.16 142.11 141.07 140.04 139.02 138.02 137.02 136.04 135.06 134.10 133.16 132.22 131.30 130.39 129.49 128.60 127.73 126.87 126.02 125.18 124.36 123.55 122.75 121.96 121.18 
138.87 139.91 140.96 142.02 143.10 144.18 145.28 146.38 147.49 148.61 149.74 150.87 152.01 153.14 154.28 155.42 156.55 157.67 158.79 159.89 160.98 162.05 163.10 164.13 165.13 166.09 167.02 167.91 168.76 169.55 170.30 170.98 171.61 172.17 172.67 173.09 173.44 173.72 173.92 174.04 174.08 174.04 173.92 173.72 173.44 173.09 172.67 172.17 171.61 170.98 170.30 169.55 168.76 167.91 167.02 166.09 165.13 164.13 163.10 162.05 160.98 159.89 158.79 157.67 156.55 155.42 154.28 153.14 152.01 150.87 149.74 148.61 147.49 146.38 145.28 144.18 143.10 142.02 140.96 139.91 138.87 137.84 136.83 135.83 134.84 133.87 132.91 131.96 131.02 130.10 129.20 128.30 127.42 126.56 125.70 124.86 124.03 123.22 122.42 121.62 
139.72 140.79 141.88 142.98 144.09 145.21 146.35 147.49 148.65 149.82 150.99 152.17 153.36 154.54 155.74 156.93 158.11 159.30 160.47 161.64 162.79 163.92 165.04 166.12 167.19 168.21 169.20 170.15 171.06 171.91 172.71 173.44 174.12 174.72 175.26 175.71 176.09 176.39 176.60 176.73 176.78 176.73 176.60 176.39 176.09 175.71 175.26 174.72 174.12 173.44 172.71 171.91 171.06 170.15 169.20 168.21 167.19 166.12 165.04 163.92 162.79 161.64 160.47 159.30 158.11 156.93 155.74 154.54 153.36 152.17 150.99 149.82 148.65 147.49 146.35 145.21 144.09 142.98 141.88 140.79 139.72 138.66 137.62 136.59 135.57 134.57 133.59 132.62 131.66 130.72 129.79 128.88 127.98 127.09 126.22 125.36 124.52 123.68 122.87 122.06 
140.57 141.68 142.80 143.93 145.08 146.25 147.42 148.61 149.82 151.03 152.25 153.48 154.72 155.97 157.21 158.46 159.71 160.95 162.19 163.42 164.64 165.84 167.02 168.18 169.31 170.40 171.46 172.48 173.44 174.36 175.21 176.01 176.73 177.39 177.96 178.46 178.87 179.19 179.42 179.56 179.61 179.56 179.42 179.19 178.87 178.46 177.96 177.39 176.73 176.01 175.21 174.36 173.44 172.48 171.46 170.40 169.31 168.18 167.02 165.84 164.64 163.42 162.19 160.95 159.71 158.46 157.21 155.97 154.72 153.48 152.25 151.03 149.82 148.61 147.42 146.25 145.08 143.93 142.80 141.68 140.57 139.48 138.41 137.35 136.31 135.28 134.27 133.27 132.29 131.33 130.38 129.44 128.52 127.62 126.73 125.85 124.99 124.15 123.31 122.49 
141.42 142.56 143.72 144.89 146.08 147.29 148.51 149.74 150.99 152.25 153.53 154.81 156.10 157.41 158.71 160.02 161.33 162.65 163.95 165.25 166.54 167.81 169.07 170.30 171.50 172.67 173.80 174.89 175.92 176.91 177.83 178.68 179.47 180.17 180.79 181.33 181.77 182.12 182.37 182.52 182.57 182.52 182.37 182.12 181.77 181.33 180.79 180.17 179.47 178.68 177.83 176.91 175.92 174.89 173.80 172.67 171.50 170.30 169.07 167.81 166.54 165.25 163.95 162.65 161.33 160.02 158.71 157.41 156.10 154.81 153.53 152.25 150.99 149.74 148.51 147.29 146.08 144.89 143.72 142.56 141.42 140.30 139.19 138.10 137.03 135.98 134.94 133.92 132.92 131.93 130.96 130.00 129.06 128.14 127.23 126.34 125.46 124.60 123.75 122.92 
142.27 143.44 144.64 145.85 147.08 148.33 149.59 150.87 152.17 153.48 154.81 156.15 157.50 158.86 160.23 161.61 162.99 164.37 165.75 167.12 168.48 169.83 171.17 172.48 173.76 175.01 176.22 177.39 178.50 179.56 180.55 181.48 182.32 183.08 183.76 184.34 184.82 185.20 185.48 185.64 185.70 185.64 185.48 185.20 184.82 184.34 183.76 183.08 182.32 181.48 180.55 179.56 178.50 177.39 176.22 175.01 173.76 172.48 171.17 169.83 168.48 167.12 165.75 164.37 162.99 161.61 160.23 158.86 157.50 156.15 154.81 153.48 152.17 150.87 149.59 148.33 147.08 145.85 144.64 143.44 142.27 141.11 139.97 138.86 137.75 136.67 135.61 134.56 133.53 132.52 131.53 130.56 129.60 128.66 127.73 126.82 125.92 125.05 124.18 123.33 
143.11 144.32 145.55 146.80 148.08 149.37 150.68 152.01 153.36 154.72 156.10 157.50 158.91 160.34 161.78 163.22 164.67 166.12 167.58 169.03 170.48 171.91 173.33 174.72 176.09 177.43 178.73 179.98 181.18 182.32 183.39 184.39 185.31 186.14 186.87 187.51 188.03 188.44 188.74 188.92 188.98 188.92 188.74 188.44 188.03 187.51 186.87 186.14 185.31 184.39 183.39 182.32 181.18 179.98 178.73 177.43 176.09 174.72 173.33 171.91 170.48 169.03 167.58 166.12 164.67 163.22 161.78 160.34 158.91 157.50 156.10 154.72 153.36 152.01 150.68 149.37 148.08 146.80 145.55 144.32 143.11 141.92 140.75 139.60 138.47 137.36 136.27 135.20 134.15 133.11 132.10 131.10 130.12 129.16 128.22 127.29 126.38 125.49 124.61 123.74 
143.95 145.20 146.47 147.76 149.07 150.41 151.77 153.14 154.54 155.97 157.41 158.86 160.34 161.83 163.34 164.85 166.38 167.91 169.45 170.98 172.51 174.04 175.55 177.04 178.50 179.93 181.33 182.68 183.97 185.20 186.36 187.45 188.44 189.35 190.14 190.83 191.41 191.86 192.19 192.38 192.45 192.38 192.19 191.86 191.41 190.83 190.14 189.35 188.44 187.45 186.36 185.20 183.97 182.68 181.33 179.93 178.50 177.04 175.55 174.04 172.51 170.98 169.45 167.91 166.38 164.85 163.34 161.83 160.34 158.86 157.41 155.97 154.54 153.14 151.77 150.41 149.07 147.76 146.47 145.20 143.95 142.72 141.52 140.34 139.18 138.04 136.92 135.83 134.75 133.69 132.66 131.64 130.64 129.66 128.70 127.75 126.83 125.92 125.02 124.15 
144.78 146.06 147.37 148.71 150.06 151.44 152.85 154.28 155.74 157.21 158.71 160.23 161.78 163.34 164.91 166.51 168.11 169.73 171.35 172.98 174.60 176.22 177.83 179.42 180.99 182.52 184.02 185.48 186.87 188.21 189.47 190.65 191.73 192.71 193.59 194.34 194.97 195.47 195.83 196.04 196.12 196.04 195.83 195.47 194.97 194.34 193.59 192.71 191.73 190.65 189.47 188.21 186.87 185.48 184.02 182.52 180.99 179.42 177.83 176.22 174.60 172.98 171.35 169.73 168.11 166.51 164.91 163.34 161.78 160.23 158.71 157.21 155.74 154.28 152.85 151.44 150.06 148.71 147.37 146.06 144.78 143.52 142.28 141.07 139.88 138.71 137.57 136.45 135.35 134.27 133.21 132.17 131.15 130.15 129.17 128.21 127.27 126.34 125.43 124.54 
145.60 146.92 148.27 149.65 151.05 152.48 153.93 155.42 156.93 158.46 160.02 161.61 163.22 164.85 166.51 168.18 169.87 171.57 173.29 175.01 176.73 178.46 180.17 181.87 183.55 185.20 186.82 188.38 189.90 191.34 192.71 194.00 195.18 196.26 197.22 198.05 198.74 199.29 199.68 199.92 200.00 199.92 199.68 199.29 198.74 198.05 197.22 196.26 195.18 194.00 192.71 191.34 189.90 188.38 186.82 185.20 183.55 181.87 180.17 178.46 176.73 175.01 173.29 171.57 169.87 168.18 166.51 164.85 163.22 161.61 160.02 158.46 156.93 155.42 153.93 152.48 151.05 149.65 148.27 146.92 145.60 144.31 143.04 141.79 140.57 139.38 138.20 137.06 135.93 134.83 133.75 132.69 131.65 130.63 129.63 128.66 127.70 126.75 125.83 124.92 
146.41 147.77 149.16 150.58 152.03 153.50 155.01 156.55 158.11 159.71 161.33 162.99 164.67 166.38 168.11 169.87 171.65 173.44 175.26 177.08 178.91 180.74 182.57 184.39 186.20 187.97 189.71 191.41 193.05 194.62 196.12 197.52 198.82 200.00 201.05 201.97 202.73 203.33 203.77 204.04 204.12 204.04 203.77 203.33 202.73 201.97 201.05 200.00 198.82 197.52 196.12 194.62 193.05 191.41 189.71 187.97 186.20 184.39 182.57 180.74 178.91 177.08 175.26 173.44 171.65 169.87 168.11 166.38 164.67 162.99 161.33 159.71 158.11 156.55 155.01 153.50 152.03 150.58 149.16 147.77 146.41 145.08 143.78 142.50 141.25 140.03 138.83 137.66 136.51 135.38 134.28 133.20 132.14 131.10 130.09 129.09 128.11 127.16 126.22 125.30 
147.22 148.61 150.04 151.50 153.00 154.52 156.08 157.67 159.30 160.95 162.65 164.37 166.12 167.91 169.73 171.57 173.44 175.34 177.25 179.19 181.13 183.08 185.04 186.99 188.92 190.83 192.71 194.55 196.33 198.05 199.68 201.22 202.65 203.95 205.11 206.12 206.97 207.64 208.12 208.42 208.51 208.42 208.12 207.64 206.97 206.12 205.11 203.95 202.65 201.22 199.68 198.05 196.33 194.55 192.71 190.83 188.92 186.99 185.04 183.08 181.13 179.19 177.25 175.34 173.44 171.57 169.73 167.91 166.12 164.37 162.65 160.95 159.30 157.67 156.08 154.52 153.00 151.50 150.04 148.61 147.22 145.85 144.51 143.20 141.92 140.67 139.44 138.24 137.07 135.92 134.80 133.69 132.62 131.56 130.53 129.52 128.52 127.55 126.60 125.66 
148.00 149.44 150.91 152.42 153.96 155.53 157.14 158.79 160.47 162.19 163.95 165.75 167.58 169.45 171.35 173.29 175.26 177.25 179.28 181.33 183.39 185.48 187.56 189.65 191.73 193.79 195.83 197.82 199.76 201.63 203.42 205.11 206.68 208.12 209.41 210.53 211.47 212.22 212.76 213.09 213.20 213.09 212.76 212.22 211.47 210.53 209.41 208.12 206.68 205.11 203.42 201.63 199.76 197.82 195.83 193.79 191.73 189.65 187.56 185.48 183.39 181.33 179.28 177.25 175.26 173.29 171.35 169.45 167.58 165.75 163.95 162.19 160.47 158.79 157.14 155.53 153.96 152.42 150.91 149.44 148.00 146.60 145.23 143.89 142.58 141.29 140.04 138.82 137.62 136.45 135.30 134.18 133.08 132.01 130.96 129.93 128.92 127.93 126.97 126.02 
148.78 150.25 151.77 153.31 154.90 156.52 158.19 159.89 161.64 163.42 165.25 167.12 169.03 170.98 172.98 175.01 177.08 179.19 181.33 183.50 185.70 187.91 190.14 192.38 194.62 196.85 199.05 201.22 203.33 205.38 207.35 209.21 210.95 212.55 213.98 215.23 216.28 217.12 217.73 218.09 218.22 218.09 217.73 217.12 216.28 215.23 213.98 212.55 210.95 209.21 207.35 205.38 203.33 201.22 199.05 196.85 194.62 192.38 190.14 187.91 185.70 183.50 181.33 179.19 177.08 175.01 172.98 170.98 169.03 167.12 165.25 163.42 161.64 159.89 158.19 156.52 154.90 153.31 151.77 150.25 148.78 147.34 145.93 144.56 143.22 141.91 140.63 139.38 138.15 136.96 135.79 134.65 133.53 132.44 131.37 130.33 129.31 128.30 127.32 126.36 
149.53 151.05 152.60 154.19 155.83 157.50 159.22 160.98 162.79 164.64 166.54 168.48 170.48 172.51 174.60 176.73 178.91 181.13 183.39 185.70 188.03 190.39 192.78 195.18 197.59 200.00 202.39 204.75 207.06 209.31 211.47 213.53 215.46 217.24 218.84 220.24 221.43 222.37 223.05 223.47 223.61 223.47 223.05 222.37 221.43 220.24 218.84 217.24 215.46 213.53 211.47 209.31 207.06 204.75 202.39 200.00 197.59 195.18 192.78 190.39 188.03 185.70 183.39 181.13 178.91 176.73 174.60 172.51 170.48 168.48 166.54 164.64 162.79 160.98 159.22 157.50 155.83 154.19 152.60 151.05 149.53 148.06 146.62 145.21 143.84 142.50 141.20 139.92 138.68 137.46 136.27 135.11 133.97 132.86 131.78 130.72 129.68 128.66 127.67 126.70 
150.27 151.83 153.42 155.06 156.74 158.46 160.23 162.05 163.92 165.84 167.81 169.83 171.91 174.04 176.22 178.46 180.74 183.08 185.48 187.91 190.39 192.91 195.47 198.05 200.65 203.25 205.84 208.42 210.95 213.42 215.81 218.09 220.24 222.23 224.03 225.61 226.94 228.01 228.78 229.26 229.42 229.26 228.78 228.01 226.94 225.61 224.03 222.23 220.24 218.09 215.81 213.42 210.95 208.42 205.84 203.25 200.65 198.05 195.47 192.91 190.39 187.91 185.48 183.08 180.74 178.46 176.22 174.04 171.91 169.83 167.81 165.84 163.92 162.05 160.23 158.46 156.74 155.06 153.42 151.83 150.27 148.76 147.29 145.85 144.45 143.08 141.75 140.45 139.18 137.94 136.73 135.55 134.40 133.27 132.17 131.09 130.04 129.01 128.00 127.02 
150.99 152.58 154.22 155.90 157.62 159.40 161.23 163.10 165.04 167.02 169.07 171.17 173.33 175.55 177.83 180.17 182.57 185.04 187.56 190.14 192.78 195.47 198.20 200.97 203.77 206.59 209.41 212.22 215.00 217.73 220.37 222.91 225.32 227.55 229.57 231.36 232.88 234.09 234.98 235.52 235.70 235.52 234.98 234.09 232.88 231.36 229.57 227.55 225.32 222.91 220.37 217.73 215.00 212.22 209.41 206.59 203.77 200.97 198.20 195.47 192.78 190.14 187.56 185.04 182.57 180.17 177.83 175.55 173.33 171.17 169.07 167.02 165.04 163.10 161.23 159.40 157.62 155.90 154.22 152.58 150.99 149.44 147.93 146.47 145.04 143.64 142.28 140.96 139.67 138.41 137.18 135.98 134.81 133.66 132.55 131.45 130.39 129.34 128.32 127.32 
151.68 153.31 154.99 156.71 158.49 160.31 162.19 164.13 166.12 168.18 170.30 172.48 174.72 177.04 179.42 181.87 184.39 186.99 189.65 192.38 195.18 198.05 200.97 203.95 206.97 210.02 213.09 216.16 219.22 222.23 225.17 228.01 230.70 233.22 235.52 237.56 239.29 240.68 241.70 242.33 242.54 242.33 241.70 240.68 239.29 237.56 235.52 233.22 230.70 228.01 225.17 222.23 219.22 216.16 213.09 210.02 206.97 203.95 200.97 198.05 195.18 192.38 189.65 186.99 184.39 181.87 179.42 177.04 174.72 172.48 170.30 168.18 166.12 164.13 162.19 160.31 158.49 156.71 154.99 153.31 151.68 150.10 148.56 147.06 145.60 144.18 142.80 141.45 140.14 138.86 137.61 136.39 135.20 134.04 132.91 131.80 130.72 129.66 128.63 127.62 
152.35 154.02 155.74 157.50 159.32 161.20 163.13 165.13 167.19 169.31 171.50 173.76 176.09 178.50 180.99 183.55 186.20 188.92 191.73 194.62 197.59 200.65 203.77 206.97 210.22 213.53 216.88 220.24 223.61 226.94 230.22 233.40 236.44 239.29 241.91 244.24 246.24 247.85 249.03 249.76 250.00 249.76 249.03 247.85 246.24 244.24 241.91 239.29 236.44 233.40 230.22 226.94 223.61 220.24 216.88 213.53 210.22 206.97 203.77 200.65 197.59 194.62 191.73 188.92 186.20 183.55 180.99 178.50 176.09 173.76 171.50 169.31 167.19 165.13 163.13 161.20 159.32 157.50 155.74 154.02 152.35 150.74 149.16 147.63 146.15 144.70 143.29 141.92 140.59 139.28 138.02 136.78 135.57 134.40 133.25 132.13 131.03 129.97 128.92 127.90 
153.00 154.70 156.45 158.26 160.13 162.05 164.04 166.09 168.21 170.40 172.67 175.01 177.43 179.93 182.52 185.20 187.97 190.83 193.79 196.85 200.00 203.25 206.59 210.02 213.53 217.12 220.76 224.45 228.16 231.86 235.52 239.09 242.54 245.79 248.79 251.49 253.80 255.68 257.06 257.91 258.20 257.91 257.06 255.68 253.80 251.49 248.79 245.79 242.54 239.09 235.52 231.86 228.16 224.45 220.76 217.12 213.53 210.02 206.59 203.25 200.00 196.85 193.79 190.83 187.97 185.20 182.52 179.93 177.43 175.01 172.67 170.40 168.21 166.09 164.04 162.05 160.13 158.26 156.45 154.70 153.00 151.35 149.74 148.18 146.67 145.20 143.76 142.37 141.01 139.69 138.41 137.15 135.93 134.74 133.58 132.44 131.34 130.25 129.20 128.17 
153.61 155.35 157.14 158.99 160.90 162.87 164.91 167.02 169.20 171.46 173.80 176.22 178.73 181.33 184.02 186.82 189.71 192.71 195.83 199.05 202.39 205.84 209.41 213.09 216.88 220.76 224.74 228.78 232.88 236.99 241.09 245.12 249.03 252.76 256.23 259.36 262.07 264.28 265.91 266.92 267.26 266.92 265.91 264.28 262.07 259.36 256.23 252.76 249.03 245.12 241.09 236.99 232.88 228.78 224.74 220.76 216.88 213.09 209.41 205.84 202.39 199.05 195.83 192.71 189.71 186.82 184.02 181.33 178.73 176.22 173.80 171.46 169.20 167.02 164.91 162.87 160.90 158.99 157.14 155.35 153.61 151.93 150.29 148.71 147.16 145.67 144.21 142.80 141.42 140.08 138.78 137.51 136.27 135.06 133.89 132.74 131.62 130.53 129.46 128.42 
154.19 155.97 157.79 159.68 161.64 163.66 165.75 167.91 170.15 172.48 174.89 177.39 179.98 182.68 185.48 188.38 191.41 194.55 197.82 201.22 204.75 208.42 212.22 216.16 220.24 224.45 228.78 233.22 237.75 242.33 246.92 251.49 255.95 260.25 264.28 267.95 271.15 273.78 275.73 276.94 277.35 276.94 275.73 273.78 271.15 267.95 264.28 260.25 255.95 251.49 246.92 242.33 237.75 233.22 228.78 224.45 220.24 216.16 212.22 208.42 204.75 201.22 197.82 194.55 191.41 188.38 185.48 182.68 179.98 177.39 174.89 172.48 170.15 167.91 165.75 163.66 161.64 159.68 157.79 155.97 154.19 152.48 150.81 149.20 147.63 146.11 144.64 143.20 141.81 140.45 139.13 137.84 136.59 135.37 134.18 133.02 131.89 130.78 129.71 128.66 
154.74 156.55 158.41 160.34 162.33 164.40 166.54 168.76 171.06 173.44 175.92 178.50 181.18 183.97 186.87 189.90 193.05 196.33 199.76 203.33 207.06 210.95 215.00 219.22 223.61 228.16 232.88 237.75 242.75 247.85 253.02 258.20 263.32 268.29 273.01 277.35 281.17 284.33 286.70 288.18 288.68 288.18 286.70 284.33 281.17 277.35 273.01 268.29 263.32 258.20 253.02 247.85 242.75 237.75 232.88 228.16 223.61 219.22 215.00 210.95 207.06 203.33 199.76 196.33 193.05 189.90 186.87 183.97 181.18 178.50 175.92 173.44 171.06 168.76 166.54 164.40 162.33 160.34 158.41 156.55 154.74 153.00 151.31 149.67 148.08 146.53 145.04 143.58 142.17 140.79 139.46 138.15 136.89 135.65 134.45 133.28 132.14 131.02 129.94 128.88 
155.26 157.09 158.99 160.95 162.99 165.10 167.28 169.55 171.91 174.36 176.91 179.56 182.32 185.20 188.21 191.34 194.62 198.05 201.63 205.38 209.31 213.42 217.73 222.23 226.94 231.86 236.99 242.33 247.85 253.54 259.36 265.25 271.15 276.94 282.50 287.68 292.29 296.15 299.07 300.89 301.51 300.89 299.07 296.15 292.29 287.68 282.50 276.94 271.15 265.25 259.36 253.54 247.85 242.33 236.99 231.86 226.94 222.23 217.73 213.42 209.31 205.38 201.63 198.05 194.62 191.34 188.21 185.20 182.32 179.56 176.91 174.36 171.91 169.55 167.28 165.10 162.99 160.95 158.99 157.09 155.26 153.48 151.77 150.10 148.49 146.92 145.41 143.93 142.50 141.11 139.76 138.45 137.17 135.92 134.71 133.52 132.37 131.25 130.15 129.08 
155.74 157.60 159.53 161.53 163.60 165.75 167.98 170.30 172.71 175.21 177.83 180.55 183.39 186.36 189.47 192.71 196.12 199.68 203.42 207.35 211.47 215.81 220.37 225.17 230.22 235.52 241.09 246.92 253.02 259.36 265.91 272.63 279.44 286.22 292.83 299.07 304.71 309.49 313.14 315.44 316.23 315.44 313.14 309.49 304.71 299.07 292.83 286.22 279.44 272.63 265.91 259.36 253.02 246.92 241.09 235.52 230.22 225.17 220.37 215.81 211.47 207.35 203.42 199.68 196.12 192.71 189.47 186.36 183.39 180.55 177.83 175.21 172.71 170.30 167.98 165.75 163.60 161.53 159.53 157.60 155.74 153.93 152.19 150.50 148.87 147.29 145.75 144.26 142.81 141.41 140.04 138.71 137.42 136.16 134.94 133.75 132.59 131.45 130.35 129.27 
156.17 158.06 160.02 162.05 164.16 166.35 168.62 170.98 173.44 176.01 178.68 181.48 184.39 187.45 190.65 194.00 197.52 201.22 205.11 209.21 213.53 218.09 222.91 228.01 233.40 239.09 245.12 251.49 258.20 265.25 272.63 280.30 288.18 296.15 304.06 311.65 318.64 324.67 329.34 332.31 333.33 332.31 329.34 324.67 318.64 311.65 304.06 296.15 288.18 280.30 272.63 265.25 258.20 251.49 245.12 239.09 233.40 228.01 222.91 218.09 213.53 209.21 205.11 201.22 197.52 194.00 190.65 187.45 184.39 181.48 178.68 176.01 173.44 170.98 168.62 166.35 164.16 162.05 160.02 158.06 156.17 154.35 152.58 150.87 149.22 147.62 146.06 144.56 143.10 141.68 140.30 138.96 137.66 136.39 135.15 133.95 132.78 131.64 130.53 129.44 
156.57 158.49 160.47 162.53 164.67 166.89 169.20 171.61 174.12 176.73 179.47 182.32 185.31 188.44 191.73 195.18 198.82 202.65 206.68 210.95 215.46 220.24 225.32 230.70 236.44 242.54 249.03 255.95 263.32 271.15 279.44 288.18 297.30 306.71 316.23 325.58 334.37 342.11 348.24 352.19 353.55 352.19 348.24 342.11 334.37 325.58 316.23 306.71 297.30 288.18 279.44 271.15 263.32 255.95 249.03 242.54 236.44 230.70 225.32 220.24 215.46 210.95 206.68 202.65 198.82 195.18 191.73 188.44 185.31 182.32 179.47 176.73 174.12 171.61 169.20 166.89 164.67 162.53 160.47 158.49 156.57 154.72 152.93 151.21 149.53 147.92 146.35 144.83 143.35 141.92 140.53 139.18 137.87 136.59 135.35 134.14 132.96 131.81 130.69 129.60 
156.93 158.86 160.87 162.96 165.13 167.38 169.73 172.17 174.72 177.39 180.17 183.08 186.14 189.35 192.71 196.26 200.00 203.95 208.12 212.55 217.24 222.23 227.55 233.22 239.29 245.79 252.76 260.25 268.29 276.94 286.22 296.15 306.71 317.83 329.34 340.95 352.19 362.36 370.62 376.06 377.96 376.06 370.62 362.36 352.19 340.95 329.34 317.83 306.71 296.15 286.22 276.94 268.29 260.25 252.76 245.79 239.29 233.22 227.55 222.23 217.24 212.55 208.12 203.95 200.00 196.26 192.71 189.35 186.14 183.08 180.17 177.39 174.72 172.17 169.73 167.38 165.13 162.96 160.87 158.86 156.93 155.06 153.25 151.50 149.82 148.18 146.60 145.07 143.58 142.14 140.74 139.38 138.05 136.77 135.52 134.30 133.11 131.96 130.83 129.73 
157.24 159.19 161.23 163.34 165.53 167.81 170.19 172.67 175.26 177.96 180.79 183.76 186.87 190.14 193.59 197.22 201.05 205.11 209.41 213.98 218.84 224.03 229.57 235.52 241.91 248.79 256.23 264.28 273.01 282.50 292.83 304.06 316.23 329.34 343.29 357.82 372.39 386.10 397.64 405.46 408.25 405.46 397.64 386.10 372.39 357.82 343.29 329.34 316.23 304.06 292.83 282.50 273.01 264.28 256.23 248.79 241.91 235.52 229.57 224.03 218.84 213.98 209.41 205.11 201.05 197.22 193.59 190.14 186.87 183.76 180.79 177.96 175.26 172.67 170.19 167.81 165.53 163.34 161.23 159.19 157.24 155.35 153.53 151.77 150.06 148.42 146.82 145.28 143.78 142.33 140.92 139.55 138.22 136.92 135.67 134.44 133.25 132.09 130.96 129.85 
157.50 159.48 161.53 163.66 165.87 168.18 170.58 173.09 175.71 178.46 181.33 184.34 187.51 190.83 194.34 198.05 201.97 206.12 210.53 215.23 220.24 225.61 231.36 237.56 244.24 251.49 259.36 267.95 277.35 287.68 299.07 311.65 325.58 340.95 357.82 376.06 395.19 414.12 430.92 442.85 447.21 442.85 430.92 414.12 395.19 376.06 357.82 340.95 325.58 311.65 299.07 287.68 277.35 267.95 259.36 251.49 244.24 237.56 231.36 225.61 220.24 215.23 210.53 206.12 201.97 198.05 194.34 190.83 187.51 184.34 181.33 178.46 175.71 173.09 170.58 168.18 165.87 163.66 161.53 159.48 157.50 155.60 153.76 151.99 150.27 148.61 147.01 145.46 143.95 142.49 141.07 139.69 138.36 137.06 135.79 134.56 133.37 132.20 131.06 129.96 
157.72 159.71 161.78 163.92 166.16 168.48 170.91 173.44 176.09 178.87 181.77 184.82 188.03 191.41 194.97 198.74 202.73 206.97 211.47 216.28 221.43 226.94 232.88 239.29 246.24 253.80 262.07 271.15 281.17 292.29 304.71 318.64 334.37 352.19 372.39 395.19 420.45 447.21 472.87 492.48 500.00 492.48 472.87 447.21 420.45 395.19 372.39 352.19 334.37 318.64 304.71 292.29 281.17 271.15 262.07 253.80 246.24 239.29 232.88 226.94 221.43 216.28 211.47 206.97 202.73 198.74 194.97 191.41 188.03 184.82 181.77 178.87 176.09 173.44 170.91 168.48 166.16 163.92 161.78 159.71 157.72 155.80 153.96 152.17 150.45 148.78 147.16 145.60 144.09 142.62 141.20 139.81 138.47 137.17 135.90 134.66 133.46 132.29 131.15 130.04 
157.89 159.89 161.97 164.13 166.38 168.72 171.17 173.72 176.39 179.19 182.12 185.20 188.44 191.86 195.47 199.29 203.33 207.64 212.22 217.12 222.37 228.01 234.09 240.68 247.85 255.68 264.28 273.78 284.33 296.15 309.49 324.67 342.11 362.36 386.10 414.12 447.21 485.49 526.64 562.34 577.35 562.34 526.64 485.49 447.21 414.12 386.10 362.36 342.11 324.67 309.49 296.15 284.33 273.78 264.28 255.68 247.85 240.68 234.09 228.01 222.37 217.12 212.22 207.64 203.33 199.29 195.47 191.86 188.44 185.20 182.12 179.19 176.39 173.72 171.17 168.72 166.38 164.13 161.97 159.89 157.89 155.97 154.11 152.31 150.58 148.91 147.29 145.72 144.20 142.72 141.29 139.91 138.56 137.25 135.98 134.74 133.53 132.36 131.22 130.10 
158.02 160.02 162.11 164.28 166.54 168.89 171.35 173.92 176.60 179.42 182.37 185.48 188.74 192.19 195.83 199.68 203.77 208.12 212.76 217.73 223.05 228.78 234.98 241.70 249.03 257.06 265.91 275.73 286.70 299.07 313.14 329.34 348.24 370.62 397.64 430.92 472.87 526.64 594.60 668.74 707.11 668.74 594.60 526.64 472.87 430.92 397.64 370.62 348.24 329.34 313.14 299.07 286.70 275.73 265.91 257.06 249.03 241.70 234.98 228.78 223.05 217.73 212.76 208.12 203.77 199.68 195.83 192.19 188.74 185.48 182.37 179.42 176.60 173.92 171.35 168.89 166.54 164.28 162.11 160.02 158.02 156.08 154.22 152.42 150.68 149.00 147.37 145.80 144.27 142.80 141.36 139.97 138.62 137.31 136.04 134.80 133.59 132.41 131.27 130.15 
158.09 160.10 162.19 164.37 166.63 169.00 171.46 174.04 176.73 179.56 182.52 185.64 188.92 192.38 196.04 199.92 204.04 208.42 213.09 218.09 223.47 229.26 235.52 242.33 249.76 257.91 266.92 276.94 288.18 300.89 315.44 332.31 352.19 376.06 405.46 442.85 492.48 562.34 668.74 840.90 1000.00 840.90 668.74 562.34 492.48 442.85 405.46 376.06 352.19 332.31 315.44 300.89 288.18 276.94 266.92 257.91 249.76 242.33 235.52 229.26 223.47 218.09 213.09 208.42 204.04 199.92 196.04 192.38 188.92 185.64 182.52 179.56 176.73 174.04 171.46 169.00 166.63 164.37 162.19 160.10 158.09 156.15 154.28 152.48 150.74 149.05 147.42 145.85 144.32 142.84 141.41 140.01 138.66 137.35 136.07 134.83 133.62 132.44 131.30 130.18 
158.11 160.13 162.22 164.40 166.67 169.03 171.50 174.08 176.78 179.61 182.57 185.70 188.98 192.45 196.12 200.00 204.12 208.51 213.20 218.22 223.61 229.42 235.70 242.54 250.00 258.20 267.26 277.35 288.68 301.51 316.23 333.33 353.55 377.96 408.25 447.21 500.00 577.35 707.11 1000.00 1000.00 1000.00 707.11 577.35 500.00 447.21 408.25 377.96 353.55 333.33 316.23 301.51 288.68 277.35 267.26 258.20 250.00 242.54 235.70 229.42 223.61 218.22 213.20 208.51 204.12 200.00 196.12 192.45 188.98 185.70 182.57 179.61 176.78 174.08 171.50 169.03 166.67 164.40 162.22 160.13 158.11 156.17 154.30 152.50 150.76 149.07 147.44 145.86 144.34 142.86 141.42 140.03 138.68 137.36 136.08 134.84 133.63 132.45 131.31 130.19 
